9.75528 -0.848309
7.93893 0.159918
5 0.863085
2.06107 0.980308
0.244717 0.99412


8.8471 -0.274438
6.46946 0.622654
3.53054 0.959081
1.1529 0.983203


0 0.995004
0.01001 0.994971
0.02002 0.994937
0.03003 0.994903
0.04004 0.994869
0.0500501 0.994835
0.0600601 0.9948
0.0700701 0.994765
0.0800801 0.99473
0.0900901 0.994695
0.1001 0.99466
0.11011 0.994624
0.12012 0.994588
0.13013 0.994552
0.14014 0.994515
0.15015 0.994479
0.16016 0.994442
0.17017 0.994405
0.18018 0.994367
0.19019 0.994329
0.2002 0.994292
0.21021 0.994253
0.22022 0.994215
0.23023 0.994176
0.24024 0.994137
0.25025 0.994098
0.26026 0.994059
0.27027 0.994019
0.28028 0.993979
0.29029 0.993939
0.3003 0.993898
0.31031 0.993857
0.32032 0.993816
0.33033 0.993775
0.34034 0.993733
0.35035 0.993691
0.36036 0.993649
0.37037 0.993606
0.38038 0.993564
0.39039 0.993521
0.4004 0.993477
0.41041 0.993434
0.42042 0.99339
0.43043 0.993346
0.44044 0.993301
0.45045 0.993256
0.46046 0.993211
0.47047 0.993166
0.48048 0.99312
0.49049 0.993074
0.500501 0.993028
0.510511 0.992981
0.520521 0.992934
0.530531 0.992887
0.540541 0.992839
0.550551 0.992791
0.560561 0.992743
0.570571 0.992695
0.580581 0.992646
0.590591 0.992597
0.600601 0.992547
0.610611 0.992497
0.620621 0.992447
0.630631 0.992397
0.640641 0.992346
0.650651 0.992295
0.660661 0.992243
0.670671 0.992191
0.680681 0.992139
0.690691 0.992086
0.700701 0.992034
0.710711 0.99198
0.720721 0.991927
0.730731 0.991873
0.740741 0.991818
0.750751 0.991764
0.760761 0.991709
0.770771 0.991653
0.780781 0.991597
0.790791 0.991541
0.800801 0.991485
0.810811 0.991428
0.820821 0.99137
0.830831 0.991313
0.840841 0.991255
0.850851 0.991196
0.860861 0.991137
0.870871 0.991078
0.880881 0.991018
0.890891 0.990958
0.900901 0.990898
0.910911 0.990837
0.920921 0.990776
0.930931 0.990714
0.940941 0.990652
0.950951 0.990589
0.960961 0.990527
0.970971 0.990463
0.980981 0.990399
0.990991 0.990335
1.001 0.990271
1.01101 0.990206
1.02102 0.99014
1.03103 0.990074
1.04104 0.990008
1.05105 0.989941
1.06106 0.989874
1.07107 0.989806
1.08108 0.989738
1.09109 0.989669
1.1011 0.9896
1.11111 0.989531
1.12112 0.989461
1.13113 0.98939
1.14114 0.98932
1.15115 0.989248
1.16116 0.989176
1.17117 0.989104
1.18118 0.989031
1.19119 0.988958
1.2012 0.988884
1.21121 0.98881
1.22122 0.988735
1.23123 0.98866
1.24124 0.988584
1.25125 0.988508
1.26126 0.988431
1.27127 0.988353
1.28128 0.988276
1.29129 0.988197
1.3013 0.988118
1.31131 0.988039
1.32132 0.987959
1.33133 0.987879
1.34134 0.987798
1.35135 0.987716
1.36136 0.987634
1.37137 0.987551
1.38138 0.987468
1.39139 0.987385
1.4014 0.9873
1.41141 0.987215
1.42142 0.98713
1.43143 0.987044
1.44144 0.986957
1.45145 0.98687
1.46146 0.986783
1.47147 0.986694
1.48148 0.986605
1.49149 0.986516
1.5015 0.986426
1.51151 0.986335
1.52152 0.986244
1.53153 0.986152
1.54154 0.986059
1.55155 0.985966
1.56156 0.985873
1.57157 0.985778
1.58158 0.985683
1.59159 0.985588
1.6016 0.985491
1.61161 0.985394
1.62162 0.985297
1.63163 0.985199
1.64164 0.9851
1.65165 0.985
1.66166 0.9849
1.67167 0.984799
1.68168 0.984698
1.69169 0.984596
1.7017 0.984493
1.71171 0.984389
1.72172 0.984285
1.73173 0.98418
1.74174 0.984074
1.75175 0.983968
1.76176 0.983861
1.77177 0.983753
1.78178 0.983645
1.79179 0.983535
1.8018 0.983425
1.81181 0.983315
1.82182 0.983203
1.83183 0.983091
1.84184 0.982978
1.85185 0.982865
1.86186 0.98275
1.87187 0.982635
1.88188 0.982519
1.89189 0.982403
1.9019 0.982285
1.91191 0.982167
1.92192 0.982048
1.93193 0.981928
1.94194 0.981807
1.95195 0.981686
1.96196 0.981564
1.97197 0.98144
1.98198 0.981317
1.99199 0.981192
2.002 0.981066
2.01201 0.98094
2.02202 0.980813
2.03203 0.980685
2.04204 0.980556
2.05205 0.980426
2.06206 0.980295
2.07207 0.980164
2.08208 0.980032
2.09209 0.979898
2.1021 0.979764
2.11211 0.979629
2.12212 0.979493
2.13213 0.979356
2.14214 0.979219
2.15215 0.97908
2.16216 0.97894
2.17217 0.9788
2.18218 0.978658
2.19219 0.978516
2.2022 0.978373
2.21221 0.978228
2.22222 0.978083
2.23223 0.977937
2.24224 0.97779
2.25225 0.977642
2.26226 0.977493
2.27227 0.977342
2.28228 0.977191
2.29229 0.977039
2.3023 0.976886
2.31231 0.976732
2.32232 0.976577
2.33233 0.97642
2.34234 0.976263
2.35235 0.976105
2.36236 0.975946
2.37237 0.975785
2.38238 0.975624
2.39239 0.975461
2.4024 0.975298
2.41241 0.975133
2.42242 0.974967
2.43243 0.9748
2.44244 0.974632
2.45245 0.974463
2.46246 0.974293
2.47247 0.974121
2.48248 0.973949
2.49249 0.973775
2.5025 0.9736
2.51251 0.973424
2.52252 0.973247
2.53253 0.973069
2.54254 0.972889
2.55255 0.972709
2.56256 0.972527
2.57257 0.972344
2.58258 0.972159
2.59259 0.971974
2.6026 0.971787
2.61261 0.971599
2.62262 0.97141
2.63263 0.971219
2.64264 0.971028
2.65265 0.970835
2.66266 0.97064
2.67267 0.970445
2.68268 0.970248
2.69269 0.970049
2.7027 0.96985
2.71271 0.969649
2.72272 0.969447
2.73273 0.969243
2.74274 0.969039
2.75275 0.968832
2.76276 0.968625
2.77277 0.968416
2.78278 0.968205
2.79279 0.967994
2.8028 0.967781
2.81281 0.967566
2.82282 0.96735
2.83283 0.967133
2.84284 0.966914
2.85285 0.966693
2.86286 0.966472
2.87287 0.966248
2.88288 0.966024
2.89289 0.965798
2.9029 0.96557
2.91291 0.965341
2.92292 0.96511
2.93293 0.964878
2.94294 0.964644
2.95295 0.964409
2.96296 0.964172
2.97297 0.963933
2.98298 0.963693
2.99299 0.963452
3.003 0.963209
3.01301 0.962964
3.02302 0.962717
3.03303 0.962469
3.04304 0.96222
3.05305 0.961968
3.06306 0.961715
3.07307 0.96146
3.08308 0.961204
3.09309 0.960946
3.1031 0.960686
3.11311 0.960425
3.12312 0.960162
3.13313 0.959897
3.14314 0.95963
3.15315 0.959361
3.16316 0.959091
3.17317 0.958819
3.18318 0.958545
3.19319 0.95827
3.2032 0.957992
3.21321 0.957713
3.22322 0.957432
3.23323 0.957149
3.24324 0.956864
3.25325 0.956577
3.26326 0.956289
3.27327 0.955998
3.28328 0.955706
3.29329 0.955412
3.3033 0.955115
3.31331 0.954817
3.32332 0.954517
3.33333 0.954215
3.34334 0.95391
3.35335 0.953604
3.36336 0.953296
3.37337 0.952986
3.38338 0.952674
3.39339 0.952359
3.4034 0.952043
3.41341 0.951724
3.42342 0.951404
3.43343 0.951081
3.44344 0.950756
3.45345 0.950429
3.46346 0.9501
3.47347 0.949769
3.48348 0.949435
3.49349 0.9491
3.5035 0.948762
3.51351 0.948422
3.52352 0.948079
3.53353 0.947735
3.54354 0.947388
3.55355 0.947039
3.56356 0.946687
3.57357 0.946334
3.58358 0.945978
3.59359 0.945619
3.6036 0.945258
3.61361 0.944895
3.62362 0.94453
3.63363 0.944162
3.64364 0.943792
3.65365 0.943419
3.66366 0.943044
3.67367 0.942666
3.68368 0.942286
3.69369 0.941903
3.7037 0.941518
3.71371 0.94113
3.72372 0.94074
3.73373 0.940347
3.74374 0.939952
3.75375 0.939554
3.76376 0.939153
3.77377 0.93875
3.78378 0.938344
3.79379 0.937936
3.8038 0.937525
3.81381 0.937111
3.82382 0.936694
3.83383 0.936275
3.84384 0.935853
3.85385 0.935428
3.86386 0.935
3.87387 0.93457
3.88388 0.934137
3.89389 0.933701
3.9039 0.933262
3.91391 0.93282
3.92392 0.932375
3.93393 0.931928
3.94394 0.931477
3.95395 0.931024
3.96396 0.930567
3.97397 0.930108
3.98398 0.929645
3.99399 0.92918
4.004 0.928712
4.01401 0.92824
4.02402 0.927765
4.03403 0.927288
4.04404 0.926807
4.05405 0.926323
4.06406 0.925836
4.07407 0.925345
4.08408 0.924852
4.09409 0.924355
4.1041 0.923855
4.11411 0.923352
4.12412 0.922846
4.13413 0.922336
4.14414 0.921823
4.15415 0.921306
4.16416 0.920786
4.17417 0.920263
4.18418 0.919736
4.19419 0.919206
4.2042 0.918673
4.21421 0.918136
4.22422 0.917595
4.23423 0.917051
4.24424 0.916504
4.25425 0.915953
4.26426 0.915398
4.27427 0.91484
4.28428 0.914278
4.29429 0.913712
4.3043 0.913143
4.31431 0.91257
4.32432 0.911994
4.33433 0.911413
4.34434 0.910829
4.35435 0.910241
4.36436 0.909649
4.37437 0.909054
4.38438 0.908454
4.39439 0.907851
4.4044 0.907243
4.41441 0.906632
4.42442 0.906017
4.43443 0.905398
4.44444 0.904775
4.45445 0.904148
4.46446 0.903516
4.47447 0.902881
4.48448 0.902241
4.49449 0.901598
4.5045 0.90095
4.51451 0.900298
4.52452 0.899642
4.53453 0.898981
4.54454 0.898317
4.55455 0.897648
4.56456 0.896975
4.57457 0.896297
4.58458 0.895615
4.59459 0.894928
4.6046 0.894238
4.61461 0.893542
4.62462 0.892842
4.63463 0.892138
4.64464 0.891429
4.65465 0.890716
4.66466 0.889998
4.67467 0.889275
4.68468 0.888548
4.69469 0.887816
4.7047 0.887079
4.71471 0.886338
4.72472 0.885592
4.73473 0.884841
4.74474 0.884085
4.75475 0.883324
4.76476 0.882559
4.77477 0.881788
4.78478 0.881013
4.79479 0.880232
4.8048 0.879447
4.81481 0.878657
4.82482 0.877861
4.83483 0.87706
4.84484 0.876255
4.85485 0.875444
4.86486 0.874628
4.87487 0.873806
4.88488 0.87298
4.89489 0.872148
4.9049 0.871311
4.91491 0.870468
4.92492 0.86962
4.93493 0.868767
4.94494 0.867908
4.95495 0.867044
4.96496 0.866174
4.97497 0.865298
4.98498 0.864417
4.99499 0.863531
5.00501 0.862639
5.01502 0.861741
5.02503 0.860837
5.03504 0.859928
5.04505 0.859012
5.05506 0.858091
5.06507 0.857165
5.07508 0.856232
5.08509 0.855293
5.0951 0.854348
5.10511 0.853398
5.11512 0.852441
5.12513 0.851478
5.13514 0.850509
5.14515 0.849534
5.15516 0.848553
5.16517 0.847566
5.17518 0.846572
5.18519 0.845572
5.1952 0.844566
5.20521 0.843553
5.21522 0.842534
5.22523 0.841508
5.23524 0.840476
5.24525 0.839438
5.25526 0.838392
5.26527 0.837341
5.27528 0.836282
5.28529 0.835217
5.2953 0.834145
5.30531 0.833067
5.31532 0.831982
5.32533 0.830889
5.33534 0.82979
5.34535 0.828684
5.35536 0.827572
5.36537 0.826452
5.37538 0.825325
5.38539 0.824191
5.3954 0.823049
5.40541 0.821901
5.41542 0.820746
5.42543 0.819583
5.43544 0.818413
5.44545 0.817235
5.45546 0.816051
5.46547 0.814859
5.47548 0.813659
5.48549 0.812452
5.4955 0.811237
5.50551 0.810015
5.51552 0.808785
5.52553 0.807547
5.53554 0.806302
5.54555 0.805049
5.55556 0.803788
5.56557 0.802519
5.57558 0.801243
5.58559 0.799958
5.5956 0.798666
5.60561 0.797365
5.61562 0.796056
5.62563 0.79474
5.63564 0.793415
5.64565 0.792081
5.65566 0.79074
5.66567 0.78939
5.67568 0.788032
5.68569 0.786666
5.6957 0.785291
5.70571 0.783907
5.71572 0.782515
5.72573 0.781115
5.73574 0.779705
5.74575 0.778287
5.75576 0.776861
5.76577 0.775425
5.77578 0.773981
5.78579 0.772528
5.7958 0.771066
5.80581 0.769595
5.81582 0.768114
5.82583 0.766625
5.83584 0.765127
5.84585 0.763619
5.85586 0.762103
5.86587 0.760576
5.87588 0.759041
5.88589 0.757496
5.8959 0.755942
5.90591 0.754378
5.91592 0.752805
5.92593 0.751222
5.93594 0.74963
5.94595 0.748028
5.95596 0.746416
5.96597 0.744794
5.97598 0.743162
5.98599 0.741521
5.996 0.739869
6.00601 0.738208
6.01602 0.736536
6.02603 0.734855
6.03604 0.733163
6.04605 0.731461
6.05606 0.729749
6.06607 0.728026
6.07608 0.726293
6.08609 0.724549
6.0961 0.722795
6.10611 0.721031
6.11612 0.719256
6.12613 0.71747
6.13614 0.715673
6.14615 0.713866
6.15616 0.712048
6.16617 0.710219
6.17618 0.708379
6.18619 0.706528
6.1962 0.704666
6.20621 0.702793
6.21622 0.700908
6.22623 0.699013
6.23624 0.697106
6.24625 0.695188
6.25626 0.693258
6.26627 0.691317
6.27628 0.689365
6.28629 0.687401
6.2963 0.685425
6.30631 0.683437
6.31632 0.681438
6.32633 0.679427
6.33634 0.677404
6.34635 0.67537
6.35636 0.673323
6.36637 0.671264
6.37638 0.669193
6.38639 0.66711
6.3964 0.665015
6.40641 0.662907
6.41642 0.660787
6.42643 0.658655
6.43644 0.65651
6.44645 0.654353
6.45646 0.652183
6.46647 0.650001
6.47648 0.647806
6.48649 0.645598
6.4965 0.643377
6.50651 0.641143
6.51652 0.638897
6.52653 0.636637
6.53654 0.634365
6.54655 0.632079
6.55656 0.62978
6.56657 0.627468
6.57658 0.625143
6.58659 0.622804
6.5966 0.620451
6.60661 0.618086
6.61662 0.615707
6.62663 0.613314
6.63664 0.610907
6.64665 0.608487
6.65666 0.606053
6.66667 0.603605
6.67668 0.601143
6.68669 0.598667
6.6967 0.596177
6.70671 0.593674
6.71672 0.591155
6.72673 0.588623
6.73674 0.586077
6.74675 0.583516
6.75676 0.58094
6.76677 0.578351
6.77678 0.575746
6.78679 0.573127
6.7968 0.570494
6.80681 0.567845
6.81682 0.565182
6.82683 0.562505
6.83684 0.559812
6.84685 0.557104
6.85686 0.554381
6.86687 0.551643
6.87688 0.548891
6.88689 0.546122
6.8969 0.543339
6.90691 0.54054
6.91692 0.537726
6.92693 0.534897
6.93694 0.532052
6.94695 0.529191
6.95696 0.526315
6.96697 0.523423
6.97698 0.520515
6.98699 0.517592
6.997 0.514652
7.00701 0.511697
7.01702 0.508726
7.02703 0.505739
7.03704 0.502736
7.04705 0.499716
7.05706 0.49668
7.06707 0.493628
7.07708 0.49056
7.08709 0.487476
7.0971 0.484375
7.10711 0.481257
7.11712 0.478123
7.12713 0.474972
7.13714 0.471805
7.14715 0.468621
7.15716 0.46542
7.16717 0.462202
7.17718 0.458968
7.18719 0.455716
7.1972 0.452448
7.20721 0.449162
7.21722 0.445859
7.22723 0.44254
7.23724 0.439203
7.24725 0.435848
7.25726 0.432477
7.26727 0.429088
7.27728 0.425682
7.28729 0.422258
7.2973 0.418817
7.30731 0.415358
7.31732 0.411881
7.32733 0.408387
7.33734 0.404875
7.34735 0.401346
7.35736 0.397799
7.36737 0.394233
7.37738 0.39065
7.38739 0.387049
7.3974 0.38343
7.40741 0.379793
7.41742 0.376138
7.42743 0.372465
7.43744 0.368774
7.44745 0.365064
7.45746 0.361336
7.46747 0.35759
7.47748 0.353826
7.48749 0.350043
7.4975 0.346242
7.50751 0.342423
7.51752 0.338585
7.52753 0.334728
7.53754 0.330853
7.54755 0.32696
7.55756 0.323048
7.56757 0.319117
7.57758 0.315167
7.58759 0.311199
7.5976 0.307212
7.60761 0.303207
7.61762 0.299182
7.62763 0.295139
7.63764 0.291077
7.64765 0.286996
7.65766 0.282897
7.66767 0.278778
7.67768 0.27464
7.68769 0.270484
7.6977 0.266308
7.70771 0.262114
7.71772 0.2579
7.72773 0.253668
7.73774 0.249416
7.74775 0.245146
7.75776 0.240856
7.76777 0.236547
7.77778 0.232219
7.78779 0.227872
7.7978 0.223506
7.80781 0.219121
7.81782 0.214717
7.82783 0.210294
7.83784 0.205851
7.84785 0.20139
7.85786 0.196909
7.86787 0.192409
7.87788 0.187891
7.88789 0.183353
7.8979 0.178795
7.90791 0.174219
7.91792 0.169624
7.92793 0.16501
7.93794 0.160376
7.94795 0.155724
7.95796 0.151053
7.96797 0.146362
7.97798 0.141653
7.98799 0.136924
7.998 0.132177
8.00801 0.127411
8.01802 0.122625
8.02803 0.117821
8.03804 0.112999
8.04805 0.108157
8.05806 0.103297
8.06807 0.0984175
8.07808 0.0935197
8.08809 0.0886033
8.0981 0.0836683
8.10811 0.0787147
8.11812 0.0737425
8.12813 0.068752
8.13814 0.063743
8.14815 0.0587156
8.15816 0.05367
8.16817 0.0486061
8.17818 0.0435241
8.18819 0.0384239
8.1982 0.0333057
8.20821 0.0281695
8.21822 0.0230153
8.22823 0.0178434
8.23824 0.0126536
8.24825 0.0074462
8.25826 0.00222117
8.26827 -0.00302138
8.27828 -0.00828137
8.28829 -0.0135587
8.2983 -0.0188533
8.30831 -0.0241651
8.31832 -0.0294939
8.32833 -0.0348397
8.33834 -0.0402024
8.34835 -0.0455818
8.35836 -0.0509779
8.36837 -0.0563905
8.37838 -0.0618195
8.38839 -0.0672649
8.3984 -0.0727264
8.40841 -0.078204
8.41842 -0.0836975
8.42843 -0.0892069
8.43844 -0.0947319
8.44845 -0.100272
8.45846 -0.105828
8.46847 -0.1114
8.47848 -0.116986
8.48849 -0.122587
8.4985 -0.128203
8.50851 -0.133834
8.51852 -0.139479
8.52853 -0.145138
8.53854 -0.150812
8.54855 -0.1565
8.55856 -0.162201
8.56857 -0.167916
8.57858 -0.173645
8.58859 -0.179386
8.5986 -0.185141
8.60861 -0.190909
8.61862 -0.196689
8.62863 -0.202482
8.63864 -0.208287
8.64865 -0.214104
8.65866 -0.219932
8.66867 -0.225773
8.67868 -0.231625
8.68869 -0.237488
8.6987 -0.243362
8.70871 -0.249246
8.71872 -0.255141
8.72873 -0.261046
8.73874 -0.266961
8.74875 -0.272886
8.75876 -0.27882
8.76877 -0.284764
8.77878 -0.290716
8.78879 -0.296677
8.7988 -0.302646
8.80881 -0.308623
8.81882 -0.314608
8.82883 -0.3206
8.83884 -0.3266
8.84885 -0.332606
8.85886 -0.338619
8.86887 -0.344639
8.87888 -0.350664
8.88889 -0.356694
8.8989 -0.36273
8.90891 -0.368771
8.91892 -0.374817
8.92893 -0.380866
8.93894 -0.38692
8.94895 -0.392977
8.95896 -0.399037
8.96897 -0.4051
8.97898 -0.411166
8.98899 -0.417233
8.999 -0.423302
9.00901 -0.429373
9.01902 -0.435444
9.02903 -0.441516
9.03904 -0.447587
9.04905 -0.453659
9.05906 -0.459729
9.06907 -0.465799
9.07908 -0.471866
9.08909 -0.477932
9.0991 -0.483995
9.10911 -0.490055
9.11912 -0.496111
9.12913 -0.502164
9.13914 -0.508212
9.14915 -0.514255
9.15916 -0.520293
9.16917 -0.526326
9.17918 -0.532351
9.18919 -0.53837
9.1992 -0.544382
9.20921 -0.550386
9.21922 -0.556381
9.22923 -0.562367
9.23924 -0.568344
9.24925 -0.574311
9.25926 -0.580268
9.26927 -0.586213
9.27928 -0.592146
9.28929 -0.598068
9.2993 -0.603976
9.30931 -0.609871
9.31932 -0.615752
9.32933 -0.621618
9.33934 -0.627469
9.34935 -0.633305
9.35936 -0.639123
9.36937 -0.644925
9.37938 -0.650709
9.38939 -0.656475
9.3994 -0.662221
9.40941 -0.667948
9.41942 -0.673655
9.42943 -0.679341
9.43944 -0.685004
9.44945 -0.690646
9.45946 -0.696264
9.46947 -0.701859
9.47948 -0.707429
9.48949 -0.712974
9.4995 -0.718493
9.50951 -0.723986
9.51952 -0.729451
9.52953 -0.734888
9.53954 -0.740296
9.54955 -0.745674
9.55956 -0.751022
9.56957 -0.756339
9.57958 -0.761623
9.58959 -0.766875
9.5996 -0.772094
9.60961 -0.777278
9.61962 -0.782427
9.62963 -0.78754
9.63964 -0.792616
9.64965 -0.797654
9.65966 -0.802654
9.66967 -0.807615
9.67968 -0.812535
9.68969 -0.817414
9.6997 -0.822252
9.70971 -0.827046
9.71972 -0.831797
9.72973 -0.836503
9.73974 -0.841164
9.74975 -0.845778
9.75976 -0.850346
9.76977 -0.854864
9.77978 -0.859334
9.78979 -0.863754
9.7998 -0.868122
9.80981 -0.872439
9.81982 -0.876703
9.82983 -0.880913
9.83984 -0.885068
9.84985 -0.889167
9.85986 -0.893209
9.86987 -0.897194
9.87988 -0.90112
9.88989 -0.904986
9.8999 -0.908791
9.90991 -0.912534
9.91992 -0.916215
9.92993 -0.919832
9.93994 -0.923384
9.94995 -0.92687
9.95996 -0.93029
9.96997 -0.933641
9.97998 -0.936923
9.98999 -0.940136
10 -0.943277


0 0.999981
0.01001 0.99971
0.02002 0.999442
0.03003 0.999177
0.04004 0.998914
0.0500501 0.998655
0.0600601 0.998397
0.0700701 0.998143
0.0800801 0.997891
0.0900901 0.997642
0.1001 0.997395
0.11011 0.997151
0.12012 0.99691
0.13013 0.996672
0.14014 0.996435
0.15015 0.996202
0.16016 0.995971
0.17017 0.995743
0.18018 0.995517
0.19019 0.995293
0.2002 0.995072
0.21021 0.994854
0.22022 0.994638
0.23023 0.994424
0.24024 0.994213
0.25025 0.994005
0.26026 0.993798
0.27027 0.993595
0.28028 0.993393
0.29029 0.993194
0.3003 0.992997
0.31031 0.992803
0.32032 0.992611
0.33033 0.992421
0.34034 0.992233
0.35035 0.992048
0.36036 0.991865
0.37037 0.991684
0.38038 0.991506
0.39039 0.991329
0.4004 0.991155
0.41041 0.990983
0.42042 0.990813
0.43043 0.990646
0.44044 0.99048
0.45045 0.990317
0.46046 0.990155
0.47047 0.989996
0.48048 0.989839
0.49049 0.989684
0.500501 0.989531
0.510511 0.98938
0.520521 0.989231
0.530531 0.989084
0.540541 0.988939
0.550551 0.988796
0.560561 0.988655
0.570571 0.988516
0.580581 0.988378
0.590591 0.988243
0.600601 0.988109
0.610611 0.987978
0.620621 0.987848
0.630631 0.98772
0.640641 0.987594
0.650651 0.98747
0.660661 0.987347
0.670671 0.987227
0.680681 0.987108
0.690691 0.98699
0.700701 0.986875
0.710711 0.986761
0.720721 0.986649
0.730731 0.986539
0.740741 0.98643
0.750751 0.986323
0.760761 0.986218
0.770771 0.986114
0.780781 0.986012
0.790791 0.985911
0.800801 0.985812
0.810811 0.985715
0.820821 0.985619
0.830831 0.985524
0.840841 0.985431
0.850851 0.98534
0.860861 0.98525
0.870871 0.985162
0.880881 0.985075
0.890891 0.984989
0.900901 0.984905
0.910911 0.984822
0.920921 0.984741
0.930931 0.984661
0.940941 0.984582
0.950951 0.984505
0.960961 0.984429
0.970971 0.984354
0.980981 0.984281
0.990991 0.984208
1.001 0.984137
1.01101 0.984068
1.02102 0.983999
1.03103 0.983932
1.04104 0.983866
1.05105 0.983801
1.06106 0.983737
1.07107 0.983675
1.08108 0.983613
1.09109 0.983553
1.1011 0.983493
1.11111 0.983435
1.12112 0.983378
1.13113 0.983322
1.14114 0.983267
1.15115 0.983213
1.16116 0.98316
1.17117 0.983107
1.18118 0.983056
1.19119 0.983006
1.2012 0.982957
1.21121 0.982908
1.22122 0.982861
1.23123 0.982814
1.24124 0.982768
1.25125 0.982723
1.26126 0.982679
1.27127 0.982636
1.28128 0.982593
1.29129 0.982552
1.3013 0.982511
1.31131 0.98247
1.32132 0.982431
1.33133 0.982392
1.34134 0.982354
1.35135 0.982316
1.36136 0.982279
1.37137 0.982243
1.38138 0.982208
1.39139 0.982173
1.4014 0.982138
1.41141 0.982105
1.42142 0.982071
1.43143 0.982039
1.44144 0.982006
1.45145 0.981975
1.46146 0.981943
1.47147 0.981913
1.48148 0.981882
1.49149 0.981853
1.5015 0.981823
1.51151 0.981794
1.52152 0.981766
1.53153 0.981737
1.54154 0.981709
1.55155 0.981682
1.56156 0.981654
1.57157 0.981627
1.58158 0.981601
1.59159 0.981574
1.6016 0.981548
1.61161 0.981522
1.62162 0.981496
1.63163 0.981471
1.64164 0.981445
1.65165 0.98142
1.66166 0.981395
1.67167 0.98137
1.68168 0.981345
1.69169 0.98132
1.7017 0.981296
1.71171 0.981271
1.72172 0.981246
1.73173 0.981222
1.74174 0.981197
1.75175 0.981173
1.76176 0.981148
1.77177 0.981123
1.78178 0.981099
1.79179 0.981074
1.8018 0.981049
1.81181 0.981024
1.82182 0.980998
1.83183 0.980973
1.84184 0.980948
1.85185 0.980922
1.86186 0.980896
1.87187 0.98087
1.88188 0.980843
1.89189 0.980817
1.9019 0.98079
1.91191 0.980762
1.92192 0.980735
1.93193 0.980707
1.94194 0.980678
1.95195 0.98065
1.96196 0.980621
1.97197 0.980591
1.98198 0.980561
1.99199 0.980531
2.002 0.9805
2.01201 0.980469
2.02202 0.980437
2.03203 0.980405
2.04204 0.980372
2.05205 0.980339
2.06206 0.980305
2.07207 0.98027
2.08208 0.980235
2.09209 0.9802
2.1021 0.980163
2.11211 0.980126
2.12212 0.980088
2.13213 0.98005
2.14214 0.980011
2.15215 0.979971
2.16216 0.97993
2.17217 0.979889
2.18218 0.979847
2.19219 0.979804
2.2022 0.97976
2.21221 0.979715
2.22222 0.97967
2.23223 0.979624
2.24224 0.979576
2.25225 0.979528
2.26226 0.979479
2.27227 0.979429
2.28228 0.979378
2.29229 0.979326
2.3023 0.979273
2.31231 0.979219
2.32232 0.979163
2.33233 0.979107
2.34234 0.97905
2.35235 0.978992
2.36236 0.978932
2.37237 0.978871
2.38238 0.97881
2.39239 0.978747
2.4024 0.978682
2.41241 0.978617
2.42242 0.97855
2.43243 0.978483
2.44244 0.978413
2.45245 0.978343
2.46246 0.978271
2.47247 0.978198
2.48248 0.978124
2.49249 0.978048
2.5025 0.977971
2.51251 0.977892
2.52252 0.977812
2.53253 0.977731
2.54254 0.977648
2.55255 0.977563
2.56256 0.977478
2.57257 0.97739
2.58258 0.977301
2.59259 0.977211
2.6026 0.977119
2.61261 0.977025
2.62262 0.97693
2.63263 0.976833
2.64264 0.976734
2.65265 0.976634
2.66266 0.976532
2.67267 0.976429
2.68268 0.976323
2.69269 0.976216
2.7027 0.976108
2.71271 0.975997
2.72272 0.975885
2.73273 0.97577
2.74274 0.975654
2.75275 0.975536
2.76276 0.975416
2.77277 0.975295
2.78278 0.975171
2.79279 0.975045
2.8028 0.974918
2.81281 0.974788
2.82282 0.974657
2.83283 0.974523
2.84284 0.974388
2.85285 0.97425
2.86286 0.97411
2.87287 0.973969
2.88288 0.973825
2.89289 0.973679
2.9029 0.97353
2.91291 0.97338
2.92292 0.973227
2.93293 0.973073
2.94294 0.972916
2.95295 0.972756
2.96296 0.972595
2.97297 0.972431
2.98298 0.972265
2.99299 0.972096
3.003 0.971926
3.01301 0.971752
3.02302 0.971577
3.03303 0.971399
3.04304 0.971218
3.05305 0.971036
3.06306 0.97085
3.07307 0.970662
3.08308 0.970472
3.09309 0.970279
3.1031 0.970084
3.11311 0.969886
3.12312 0.969685
3.13313 0.969482
3.14314 0.969276
3.15315 0.969068
3.16316 0.968857
3.17317 0.968643
3.18318 0.968426
3.19319 0.968207
3.2032 0.967985
3.21321 0.96776
3.22322 0.967533
3.23323 0.967302
3.24324 0.967069
3.25325 0.966833
3.26326 0.966594
3.27327 0.966352
3.28328 0.966108
3.29329 0.96586
3.3033 0.965609
3.31331 0.965356
3.32332 0.965099
3.33333 0.96484
3.34334 0.964577
3.35335 0.964311
3.36336 0.964043
3.37337 0.963771
3.38338 0.963496
3.39339 0.963218
3.4034 0.962937
3.41341 0.962652
3.42342 0.962365
3.43343 0.962074
3.44344 0.96178
3.45345 0.961482
3.46346 0.961182
3.47347 0.960878
3.48348 0.960571
3.49349 0.96026
3.5035 0.959946
3.51351 0.959629
3.52352 0.959308
3.53353 0.958984
3.54354 0.958656
3.55355 0.958325
3.56356 0.957991
3.57357 0.957653
3.58358 0.957311
3.59359 0.956966
3.6036 0.956617
3.61361 0.956265
3.62362 0.955909
3.63363 0.95555
3.64364 0.955187
3.65365 0.95482
3.66366 0.954449
3.67367 0.954075
3.68368 0.953697
3.69369 0.953315
3.7037 0.95293
3.71371 0.95254
3.72372 0.952147
3.73373 0.95175
3.74374 0.951349
3.75375 0.950945
3.76376 0.950536
3.77377 0.950124
3.78378 0.949707
3.79379 0.949287
3.8038 0.948862
3.81381 0.948434
3.82382 0.948001
3.83383 0.947565
3.84384 0.947124
3.85385 0.946679
3.86386 0.94623
3.87387 0.945777
3.88388 0.94532
3.89389 0.944859
3.9039 0.944393
3.91391 0.943924
3.92392 0.94345
3.93393 0.942971
3.94394 0.942489
3.95395 0.942002
3.96396 0.941511
3.97397 0.941015
3.98398 0.940516
3.99399 0.940011
4.004 0.939503
4.01401 0.938989
4.02402 0.938472
4.03403 0.93795
4.04404 0.937423
4.05405 0.936892
4.06406 0.936356
4.07407 0.935816
4.08408 0.935271
4.09409 0.934722
4.1041 0.934168
4.11411 0.933609
4.12412 0.933046
4.13413 0.932478
4.14414 0.931905
4.15415 0.931327
4.16416 0.930745
4.17417 0.930158
4.18418 0.929566
4.19419 0.928969
4.2042 0.928368
4.21421 0.927761
4.22422 0.92715
4.23423 0.926533
4.24424 0.925912
4.25425 0.925286
4.26426 0.924655
4.27427 0.924019
4.28428 0.923378
4.29429 0.922731
4.3043 0.92208
4.31431 0.921424
4.32432 0.920762
4.33433 0.920096
4.34434 0.919424
4.35435 0.918747
4.36436 0.918065
4.37437 0.917377
4.38438 0.916684
4.39439 0.915987
4.4044 0.915283
4.41441 0.914575
4.42442 0.913861
4.43443 0.913142
4.44444 0.912417
4.45445 0.911687
4.46446 0.910952
4.47447 0.910211
4.48448 0.909464
4.49449 0.908712
4.5045 0.907955
4.51451 0.907192
4.52452 0.906424
4.53453 0.90565
4.54454 0.90487
4.55455 0.904085
4.56456 0.903294
4.57457 0.902497
4.58458 0.901695
4.59459 0.900887
4.6046 0.900073
4.61461 0.899254
4.62462 0.898428
4.63463 0.897597
4.64464 0.89676
4.65465 0.895917
4.66466 0.895069
4.67467 0.894214
4.68468 0.893354
4.69469 0.892487
4.7047 0.891615
4.71471 0.890736
4.72472 0.889852
4.73473 0.888961
4.74474 0.888065
4.75475 0.887162
4.76476 0.886254
4.77477 0.885339
4.78478 0.884418
4.79479 0.883491
4.8048 0.882557
4.81481 0.881618
4.82482 0.880672
4.83483 0.87972
4.84484 0.878761
4.85485 0.877797
4.86486 0.876826
4.87487 0.875848
4.88488 0.874865
4.89489 0.873875
4.9049 0.872878
4.91491 0.871875
4.92492 0.870865
4.93493 0.869849
4.94494 0.868827
4.95495 0.867798
4.96496 0.866762
4.97497 0.86572
4.98498 0.864671
4.99499 0.863616
5.00501 0.862554
5.01502 0.861485
5.02503 0.860409
5.03504 0.859327
5.04505 0.858238
5.05506 0.857142
5.06507 0.85604
5.07508 0.85493
5.08509 0.853814
5.0951 0.852691
5.10511 0.851561
5.11512 0.850424
5.12513 0.84928
5.13514 0.848129
5.14515 0.846972
5.15516 0.845807
5.16517 0.844635
5.17518 0.843456
5.18519 0.84227
5.1952 0.841077
5.20521 0.839877
5.21522 0.838669
5.22523 0.837455
5.23524 0.836233
5.24525 0.835004
5.25526 0.833768
5.26527 0.832524
5.27528 0.831274
5.28529 0.830015
5.2953 0.82875
5.30531 0.827477
5.31532 0.826197
5.32533 0.824909
5.33534 0.823614
5.34535 0.822312
5.35536 0.821002
5.36537 0.819684
5.37538 0.818359
5.38539 0.817027
5.3954 0.815687
5.40541 0.814339
5.41542 0.812983
5.42543 0.81162
5.43544 0.810249
5.44545 0.808871
5.45546 0.807485
5.46547 0.806091
5.47548 0.804689
5.48549 0.80328
5.4955 0.801862
5.50551 0.800437
5.51552 0.799004
5.52553 0.797563
5.53554 0.796114
5.54555 0.794658
5.55556 0.793193
5.56557 0.79172
5.57558 0.790239
5.58559 0.788751
5.5956 0.787254
5.60561 0.785749
5.61562 0.784236
5.62563 0.782714
5.63564 0.781185
5.64565 0.779647
5.65566 0.778102
5.66567 0.776548
5.67568 0.774985
5.68569 0.773415
5.6957 0.771836
5.70571 0.770249
5.71572 0.768653
5.72573 0.767049
5.73574 0.765437
5.74575 0.763816
5.75576 0.762187
5.76577 0.760549
5.77578 0.758903
5.78579 0.757248
5.7958 0.755585
5.80581 0.753913
5.81582 0.752232
5.82583 0.750543
5.83584 0.748846
5.84585 0.747139
5.85586 0.745424
5.86587 0.7437
5.87588 0.741967
5.88589 0.740226
5.8959 0.738476
5.90591 0.736717
5.91592 0.734949
5.92593 0.733172
5.93594 0.731386
5.94595 0.729592
5.95596 0.727788
5.96597 0.725975
5.97598 0.724154
5.98599 0.722323
5.996 0.720484
6.00601 0.718635
6.01602 0.716777
6.02603 0.71491
6.03604 0.713034
6.04605 0.711149
6.05606 0.709254
6.06607 0.707351
6.07608 0.705438
6.08609 0.703515
6.0961 0.701584
6.10611 0.699643
6.11612 0.697693
6.12613 0.695733
6.13614 0.693764
6.14615 0.691786
6.15616 0.689798
6.16617 0.6878
6.17618 0.685793
6.18619 0.683777
6.1962 0.681751
6.20621 0.679715
6.21622 0.67767
6.22623 0.675615
6.23624 0.673551
6.24625 0.671477
6.25626 0.669393
6.26627 0.667299
6.27628 0.665196
6.28629 0.663083
6.2963 0.66096
6.30631 0.658827
6.31632 0.656684
6.32633 0.654532
6.33634 0.652369
6.34635 0.650197
6.35636 0.648015
6.36637 0.645822
6.37638 0.64362
6.38639 0.641407
6.3964 0.639185
6.40641 0.636952
6.41642 0.634709
6.42643 0.632457
6.43644 0.630194
6.44645 0.62792
6.45646 0.625637
6.46647 0.623343
6.47648 0.621039
6.48649 0.618725
6.4965 0.6164
6.50651 0.614065
6.51652 0.61172
6.52653 0.609364
6.53654 0.606998
6.54655 0.604621
6.55656 0.602234
6.56657 0.599836
6.57658 0.597428
6.58659 0.59501
6.5966 0.59258
6.60661 0.59014
6.61662 0.58769
6.62663 0.585228
6.63664 0.582756
6.64665 0.580274
6.65666 0.57778
6.66667 0.575276
6.67668 0.572761
6.68669 0.570235
6.6967 0.567699
6.70671 0.565151
6.71672 0.562593
6.72673 0.560023
6.73674 0.557443
6.74675 0.554852
6.75676 0.552249
6.76677 0.549636
6.77678 0.547012
6.78679 0.544376
6.7968 0.54173
6.80681 0.539072
6.81682 0.536403
6.82683 0.533723
6.83684 0.531031
6.84685 0.528329
6.85686 0.525615
6.86687 0.52289
6.87688 0.520153
6.88689 0.517405
6.8969 0.514646
6.90691 0.511876
6.91692 0.509094
6.92693 0.5063
6.93694 0.503495
6.94695 0.500679
6.95696 0.49785
6.96697 0.495011
6.97698 0.49216
6.98699 0.489297
6.997 0.486422
7.00701 0.483536
7.01702 0.480638
7.02703 0.477729
7.03704 0.474807
7.04705 0.471874
7.05706 0.468929
7.06707 0.465973
7.07708 0.463004
7.08709 0.460023
7.0971 0.457031
7.10711 0.454027
7.11712 0.45101
7.12713 0.447982
7.13714 0.444941
7.14715 0.441889
7.15716 0.438825
7.16717 0.435748
7.17718 0.432659
7.18719 0.429558
7.1972 0.426445
7.20721 0.42332
7.21722 0.420182
7.22723 0.417033
7.23724 0.41387
7.24725 0.410696
7.25726 0.407509
7.26727 0.40431
7.27728 0.401098
7.28729 0.397874
7.2973 0.394638
7.30731 0.391389
7.31732 0.388128
7.32733 0.384854
7.33734 0.381567
7.34735 0.378268
7.35736 0.374956
7.36737 0.371632
7.37738 0.368294
7.38739 0.364945
7.3974 0.361582
7.40741 0.358207
7.41742 0.354819
7.42743 0.351418
7.43744 0.348004
7.44745 0.344577
7.45746 0.341138
7.46747 0.337685
7.47748 0.33422
7.48749 0.330741
7.4975 0.32725
7.50751 0.323745
7.51752 0.320228
7.52753 0.316697
7.53754 0.313153
7.54755 0.309597
7.55756 0.306026
7.56757 0.302443
7.57758 0.298847
7.58759 0.295237
7.5976 0.291614
7.60761 0.287977
7.61762 0.284328
7.62763 0.280665
7.63764 0.276988
7.64765 0.273298
7.65766 0.269595
7.66767 0.265878
7.67768 0.262148
7.68769 0.258404
7.6977 0.254646
7.70771 0.250875
7.71772 0.24709
7.72773 0.243292
7.73774 0.23948
7.74775 0.235654
7.75776 0.231815
7.76777 0.227961
7.77778 0.224094
7.78779 0.220213
7.7978 0.216319
7.80781 0.21241
7.81782 0.208488
7.82783 0.204551
7.83784 0.200601
7.84785 0.196636
7.85786 0.192658
7.86787 0.188666
7.87788 0.184659
7.88789 0.180638
7.8979 0.176604
7.90791 0.172555
7.91792 0.168492
7.92793 0.164414
7.93794 0.160323
7.94795 0.156217
7.95796 0.152097
7.96797 0.147962
7.97798 0.143813
7.98799 0.13965
7.998 0.135472
8.00801 0.13128
8.01802 0.127074
8.02803 0.122852
8.03804 0.118617
8.04805 0.114367
8.05806 0.110102
8.06807 0.105822
8.07808 0.101528
8.08809 0.0972197
8.0981 0.0928962
8.10811 0.0885581
8.11812 0.0842052
8.12813 0.0798374
8.13814 0.0754549
8.14815 0.0710575
8.15816 0.0666452
8.16817 0.0622181
8.17818 0.057776
8.18819 0.0533189
8.1982 0.0488468
8.20821 0.0443597
8.21822 0.0398576
8.22823 0.0353404
8.23824 0.0308081
8.24825 0.0262606
8.25826 0.021698
8.26827 0.0171201
8.27828 0.0125271
8.28829 0.00791875
8.2983 0.00329515
8.30831 -0.00134375
8.31832 -0.005998
8.32833 -0.0106676
8.33834 -0.0153526
8.34835 -0.0200531
8.35836 -0.024769
8.36837 -0.0295004
8.37838 -0.0342473
8.38839 -0.0390098
8.3984 -0.0437878
8.40841 -0.0485815
8.41842 -0.0533908
8.42843 -0.0582157
8.43844 -0.0630563
8.44845 -0.0679127
8.45846 -0.0727848
8.46847 -0.0776727
8.47848 -0.0825764
8.48849 -0.0874959
8.4985 -0.0924314
8.50851 -0.0973827
8.51852 -0.10235
8.52853 -0.107333
8.53854 -0.112332
8.54855 -0.117347
8.55856 -0.122379
8.56857 -0.127426
8.57858 -0.13249
8.58859 -0.137569
8.5986 -0.142665
8.60861 -0.147777
8.61862 -0.152905
8.62863 -0.158049
8.63864 -0.16321
8.64865 -0.168387
8.65866 -0.17358
8.66867 -0.17879
8.67868 -0.184016
8.68869 -0.189259
8.6987 -0.194518
8.70871 -0.199793
8.71872 -0.205085
8.72873 -0.210394
8.73874 -0.215719
8.74875 -0.221061
8.75876 -0.226419
8.76877 -0.231794
8.77878 -0.237186
8.78879 -0.242595
8.7988 -0.24802
8.80881 -0.253462
8.81882 -0.258921
8.82883 -0.264397
8.83884 -0.269889
8.84885 -0.275399
8.85886 -0.280926
8.86887 -0.286469
8.87888 -0.292029
8.88889 -0.297607
8.8989 -0.303202
8.90891 -0.308813
8.91892 -0.314442
8.92893 -0.320088
8.93894 -0.325751
8.94895 -0.331431
8.95896 -0.337129
8.96897 -0.342844
8.97898 -0.348576
8.98899 -0.354326
8.999 -0.360092
9.00901 -0.365877
9.01902 -0.371678
9.02903 -0.377497
9.03904 -0.383334
9.04905 -0.389188
9.05906 -0.39506
9.06907 -0.400949
9.07908 -0.406856
9.08909 -0.412781
9.0991 -0.418723
9.10911 -0.424683
9.11912 -0.43066
9.12913 -0.436656
9.13914 -0.442669
9.14915 -0.4487
9.15916 -0.454749
9.16917 -0.460815
9.17918 -0.4669
9.18919 -0.473003
9.1992 -0.479123
9.20921 -0.485262
9.21922 -0.491419
9.22923 -0.497593
9.23924 -0.503786
9.24925 -0.509997
9.25926 -0.516226
9.26927 -0.522473
9.27928 -0.528739
9.28929 -0.535022
9.2993 -0.541325
9.30931 -0.547645
9.31932 -0.553984
9.32933 -0.560341
9.33934 -0.566716
9.34935 -0.57311
9.35936 -0.579522
9.36937 -0.585953
9.37938 -0.592403
9.38939 -0.598871
9.3994 -0.605357
9.40941 -0.611862
9.41942 -0.618386
9.42943 -0.624929
9.43944 -0.63149
9.44945 -0.63807
9.45946 -0.644669
9.46947 -0.651287
9.47948 -0.657923
9.48949 -0.664578
9.4995 -0.671253
9.50951 -0.677946
9.51952 -0.684658
9.52953 -0.691389
9.53954 -0.698139
9.54955 -0.704908
9.55956 -0.711697
9.56957 -0.718504
9.57958 -0.725331
9.58959 -0.732177
9.5996 -0.739042
9.60961 -0.745926
9.61962 -0.752829
9.62963 -0.759752
9.63964 -0.766694
9.64965 -0.773656
9.65966 -0.780637
9.66967 -0.787637
9.67968 -0.794657
9.68969 -0.801697
9.6997 -0.808756
9.70971 -0.815834
9.71972 -0.822932
9.72973 -0.83005
9.73974 -0.837187
9.74975 -0.844344
9.75976 -0.851521
9.76977 -0.858718
9.77978 -0.865934
9.78979 -0.87317
9.7998 -0.880426
9.80981 -0.887702
9.81982 -0.894998
9.82983 -0.902314
9.83984 -0.909649
9.84985 -0.917005
9.85986 -0.924381
9.86987 -0.931777
9.87988 -0.939193
9.88989 -0.946629
9.8999 -0.954085
9.90991 -0.961562
9.91992 -0.969058
9.92993 -0.976575
9.93994 -0.984112
9.94995 -0.99167
9.95996 -0.999248
9.96997 -1.00685
9.97998 -1.01447
9.98999 -1.0221
10 -1.02976
