0 0.995004
2.5 0.973644
5 0.863085
7.5 0.345289
10 -0.943277


1.25 0.977374
3.75 0.948326
6.25 0.676747
8.75 -0.17815


0 0.995004
0.01001 0.994971
0.02002 0.994937
0.03003 0.994903
0.04004 0.994869
0.0500501 0.994835
0.0600601 0.9948
0.0700701 0.994765
0.0800801 0.99473
0.0900901 0.994695
0.1001 0.99466
0.11011 0.994624
0.12012 0.994588
0.13013 0.994552
0.14014 0.994515
0.15015 0.994479
0.16016 0.994442
0.17017 0.994405
0.18018 0.994367
0.19019 0.994329
0.2002 0.994292
0.21021 0.994253
0.22022 0.994215
0.23023 0.994176
0.24024 0.994137
0.25025 0.994098
0.26026 0.994059
0.27027 0.994019
0.28028 0.993979
0.29029 0.993939
0.3003 0.993898
0.31031 0.993857
0.32032 0.993816
0.33033 0.993775
0.34034 0.993733
0.35035 0.993691
0.36036 0.993649
0.37037 0.993606
0.38038 0.993564
0.39039 0.993521
0.4004 0.993477
0.41041 0.993434
0.42042 0.99339
0.43043 0.993346
0.44044 0.993301
0.45045 0.993256
0.46046 0.993211
0.47047 0.993166
0.48048 0.99312
0.49049 0.993074
0.500501 0.993028
0.510511 0.992981
0.520521 0.992934
0.530531 0.992887
0.540541 0.992839
0.550551 0.992791
0.560561 0.992743
0.570571 0.992695
0.580581 0.992646
0.590591 0.992597
0.600601 0.992547
0.610611 0.992497
0.620621 0.992447
0.630631 0.992397
0.640641 0.992346
0.650651 0.992295
0.660661 0.992243
0.670671 0.992191
0.680681 0.992139
0.690691 0.992086
0.700701 0.992034
0.710711 0.99198
0.720721 0.991927
0.730731 0.991873
0.740741 0.991818
0.750751 0.991764
0.760761 0.991709
0.770771 0.991653
0.780781 0.991597
0.790791 0.991541
0.800801 0.991485
0.810811 0.991428
0.820821 0.99137
0.830831 0.991313
0.840841 0.991255
0.850851 0.991196
0.860861 0.991137
0.870871 0.991078
0.880881 0.991018
0.890891 0.990958
0.900901 0.990898
0.910911 0.990837
0.920921 0.990776
0.930931 0.990714
0.940941 0.990652
0.950951 0.990589
0.960961 0.990527
0.970971 0.990463
0.980981 0.990399
0.990991 0.990335
1.001 0.990271
1.01101 0.990206
1.02102 0.99014
1.03103 0.990074
1.04104 0.990008
1.05105 0.989941
1.06106 0.989874
1.07107 0.989806
1.08108 0.989738
1.09109 0.989669
1.1011 0.9896
1.11111 0.989531
1.12112 0.989461
1.13113 0.98939
1.14114 0.98932
1.15115 0.989248
1.16116 0.989176
1.17117 0.989104
1.18118 0.989031
1.19119 0.988958
1.2012 0.988884
1.21121 0.98881
1.22122 0.988735
1.23123 0.98866
1.24124 0.988584
1.25125 0.988508
1.26126 0.988431
1.27127 0.988353
1.28128 0.988276
1.29129 0.988197
1.3013 0.988118
1.31131 0.988039
1.32132 0.987959
1.33133 0.987879
1.34134 0.987798
1.35135 0.987716
1.36136 0.987634
1.37137 0.987551
1.38138 0.987468
1.39139 0.987385
1.4014 0.9873
1.41141 0.987215
1.42142 0.98713
1.43143 0.987044
1.44144 0.986957
1.45145 0.98687
1.46146 0.986783
1.47147 0.986694
1.48148 0.986605
1.49149 0.986516
1.5015 0.986426
1.51151 0.986335
1.52152 0.986244
1.53153 0.986152
1.54154 0.986059
1.55155 0.985966
1.56156 0.985873
1.57157 0.985778
1.58158 0.985683
1.59159 0.985588
1.6016 0.985491
1.61161 0.985394
1.62162 0.985297
1.63163 0.985199
1.64164 0.9851
1.65165 0.985
1.66166 0.9849
1.67167 0.984799
1.68168 0.984698
1.69169 0.984596
1.7017 0.984493
1.71171 0.984389
1.72172 0.984285
1.73173 0.98418
1.74174 0.984074
1.75175 0.983968
1.76176 0.983861
1.77177 0.983753
1.78178 0.983645
1.79179 0.983535
1.8018 0.983425
1.81181 0.983315
1.82182 0.983203
1.83183 0.983091
1.84184 0.982978
1.85185 0.982865
1.86186 0.98275
1.87187 0.982635
1.88188 0.982519
1.89189 0.982403
1.9019 0.982285
1.91191 0.982167
1.92192 0.982048
1.93193 0.981928
1.94194 0.981807
1.95195 0.981686
1.96196 0.981564
1.97197 0.98144
1.98198 0.981317
1.99199 0.981192
2.002 0.981066
2.01201 0.98094
2.02202 0.980813
2.03203 0.980685
2.04204 0.980556
2.05205 0.980426
2.06206 0.980295
2.07207 0.980164
2.08208 0.980032
2.09209 0.979898
2.1021 0.979764
2.11211 0.979629
2.12212 0.979493
2.13213 0.979356
2.14214 0.979219
2.15215 0.97908
2.16216 0.97894
2.17217 0.9788
2.18218 0.978658
2.19219 0.978516
2.2022 0.978373
2.21221 0.978228
2.22222 0.978083
2.23223 0.977937
2.24224 0.97779
2.25225 0.977642
2.26226 0.977493
2.27227 0.977342
2.28228 0.977191
2.29229 0.977039
2.3023 0.976886
2.31231 0.976732
2.32232 0.976577
2.33233 0.97642
2.34234 0.976263
2.35235 0.976105
2.36236 0.975946
2.37237 0.975785
2.38238 0.975624
2.39239 0.975461
2.4024 0.975298
2.41241 0.975133
2.42242 0.974967
2.43243 0.9748
2.44244 0.974632
2.45245 0.974463
2.46246 0.974293
2.47247 0.974121
2.48248 0.973949
2.49249 0.973775
2.5025 0.9736
2.51251 0.973424
2.52252 0.973247
2.53253 0.973069
2.54254 0.972889
2.55255 0.972709
2.56256 0.972527
2.57257 0.972344
2.58258 0.972159
2.59259 0.971974
2.6026 0.971787
2.61261 0.971599
2.62262 0.97141
2.63263 0.971219
2.64264 0.971028
2.65265 0.970835
2.66266 0.97064
2.67267 0.970445
2.68268 0.970248
2.69269 0.970049
2.7027 0.96985
2.71271 0.969649
2.72272 0.969447
2.73273 0.969243
2.74274 0.969039
2.75275 0.968832
2.76276 0.968625
2.77277 0.968416
2.78278 0.968205
2.79279 0.967994
2.8028 0.967781
2.81281 0.967566
2.82282 0.96735
2.83283 0.967133
2.84284 0.966914
2.85285 0.966693
2.86286 0.966472
2.87287 0.966248
2.88288 0.966024
2.89289 0.965798
2.9029 0.96557
2.91291 0.965341
2.92292 0.96511
2.93293 0.964878
2.94294 0.964644
2.95295 0.964409
2.96296 0.964172
2.97297 0.963933
2.98298 0.963693
2.99299 0.963452
3.003 0.963209
3.01301 0.962964
3.02302 0.962717
3.03303 0.962469
3.04304 0.96222
3.05305 0.961968
3.06306 0.961715
3.07307 0.96146
3.08308 0.961204
3.09309 0.960946
3.1031 0.960686
3.11311 0.960425
3.12312 0.960162
3.13313 0.959897
3.14314 0.95963
3.15315 0.959361
3.16316 0.959091
3.17317 0.958819
3.18318 0.958545
3.19319 0.95827
3.2032 0.957992
3.21321 0.957713
3.22322 0.957432
3.23323 0.957149
3.24324 0.956864
3.25325 0.956577
3.26326 0.956289
3.27327 0.955998
3.28328 0.955706
3.29329 0.955412
3.3033 0.955115
3.31331 0.954817
3.32332 0.954517
3.33333 0.954215
3.34334 0.95391
3.35335 0.953604
3.36336 0.953296
3.37337 0.952986
3.38338 0.952674
3.39339 0.952359
3.4034 0.952043
3.41341 0.951724
3.42342 0.951404
3.43343 0.951081
3.44344 0.950756
3.45345 0.950429
3.46346 0.9501
3.47347 0.949769
3.48348 0.949435
3.49349 0.9491
3.5035 0.948762
3.51351 0.948422
3.52352 0.948079
3.53353 0.947735
3.54354 0.947388
3.55355 0.947039
3.56356 0.946687
3.57357 0.946334
3.58358 0.945978
3.59359 0.945619
3.6036 0.945258
3.61361 0.944895
3.62362 0.94453
3.63363 0.944162
3.64364 0.943792
3.65365 0.943419
3.66366 0.943044
3.67367 0.942666
3.68368 0.942286
3.69369 0.941903
3.7037 0.941518
3.71371 0.94113
3.72372 0.94074
3.73373 0.940347
3.74374 0.939952
3.75375 0.939554
3.76376 0.939153
3.77377 0.93875
3.78378 0.938344
3.79379 0.937936
3.8038 0.937525
3.81381 0.937111
3.82382 0.936694
3.83383 0.936275
3.84384 0.935853
3.85385 0.935428
3.86386 0.935
3.87387 0.93457
3.88388 0.934137
3.89389 0.933701
3.9039 0.933262
3.91391 0.93282
3.92392 0.932375
3.93393 0.931928
3.94394 0.931477
3.95395 0.931024
3.96396 0.930567
3.97397 0.930108
3.98398 0.929645
3.99399 0.92918
4.004 0.928712
4.01401 0.92824
4.02402 0.927765
4.03403 0.927288
4.04404 0.926807
4.05405 0.926323
4.06406 0.925836
4.07407 0.925345
4.08408 0.924852
4.09409 0.924355
4.1041 0.923855
4.11411 0.923352
4.12412 0.922846
4.13413 0.922336
4.14414 0.921823
4.15415 0.921306
4.16416 0.920786
4.17417 0.920263
4.18418 0.919736
4.19419 0.919206
4.2042 0.918673
4.21421 0.918136
4.22422 0.917595
4.23423 0.917051
4.24424 0.916504
4.25425 0.915953
4.26426 0.915398
4.27427 0.91484
4.28428 0.914278
4.29429 0.913712
4.3043 0.913143
4.31431 0.91257
4.32432 0.911994
4.33433 0.911413
4.34434 0.910829
4.35435 0.910241
4.36436 0.909649
4.37437 0.909054
4.38438 0.908454
4.39439 0.907851
4.4044 0.907243
4.41441 0.906632
4.42442 0.906017
4.43443 0.905398
4.44444 0.904775
4.45445 0.904148
4.46446 0.903516
4.47447 0.902881
4.48448 0.902241
4.49449 0.901598
4.5045 0.90095
4.51451 0.900298
4.52452 0.899642
4.53453 0.898981
4.54454 0.898317
4.55455 0.897648
4.56456 0.896975
4.57457 0.896297
4.58458 0.895615
4.59459 0.894928
4.6046 0.894238
4.61461 0.893542
4.62462 0.892842
4.63463 0.892138
4.64464 0.891429
4.65465 0.890716
4.66466 0.889998
4.67467 0.889275
4.68468 0.888548
4.69469 0.887816
4.7047 0.887079
4.71471 0.886338
4.72472 0.885592
4.73473 0.884841
4.74474 0.884085
4.75475 0.883324
4.76476 0.882559
4.77477 0.881788
4.78478 0.881013
4.79479 0.880232
4.8048 0.879447
4.81481 0.878657
4.82482 0.877861
4.83483 0.87706
4.84484 0.876255
4.85485 0.875444
4.86486 0.874628
4.87487 0.873806
4.88488 0.87298
4.89489 0.872148
4.9049 0.871311
4.91491 0.870468
4.92492 0.86962
4.93493 0.868767
4.94494 0.867908
4.95495 0.867044
4.96496 0.866174
4.97497 0.865298
4.98498 0.864417
4.99499 0.863531
5.00501 0.862639
5.01502 0.861741
5.02503 0.860837
5.03504 0.859928
5.04505 0.859012
5.05506 0.858091
5.06507 0.857165
5.07508 0.856232
5.08509 0.855293
5.0951 0.854348
5.10511 0.853398
5.11512 0.852441
5.12513 0.851478
5.13514 0.850509
5.14515 0.849534
5.15516 0.848553
5.16517 0.847566
5.17518 0.846572
5.18519 0.845572
5.1952 0.844566
5.20521 0.843553
5.21522 0.842534
5.22523 0.841508
5.23524 0.840476
5.24525 0.839438
5.25526 0.838392
5.26527 0.837341
5.27528 0.836282
5.28529 0.835217
5.2953 0.834145
5.30531 0.833067
5.31532 0.831982
5.32533 0.830889
5.33534 0.82979
5.34535 0.828684
5.35536 0.827572
5.36537 0.826452
5.37538 0.825325
5.38539 0.824191
5.3954 0.823049
5.40541 0.821901
5.41542 0.820746
5.42543 0.819583
5.43544 0.818413
5.44545 0.817235
5.45546 0.816051
5.46547 0.814859
5.47548 0.813659
5.48549 0.812452
5.4955 0.811237
5.50551 0.810015
5.51552 0.808785
5.52553 0.807547
5.53554 0.806302
5.54555 0.805049
5.55556 0.803788
5.56557 0.802519
5.57558 0.801243
5.58559 0.799958
5.5956 0.798666
5.60561 0.797365
5.61562 0.796056
5.62563 0.79474
5.63564 0.793415
5.64565 0.792081
5.65566 0.79074
5.66567 0.78939
5.67568 0.788032
5.68569 0.786666
5.6957 0.785291
5.70571 0.783907
5.71572 0.782515
5.72573 0.781115
5.73574 0.779705
5.74575 0.778287
5.75576 0.776861
5.76577 0.775425
5.77578 0.773981
5.78579 0.772528
5.7958 0.771066
5.80581 0.769595
5.81582 0.768114
5.82583 0.766625
5.83584 0.765127
5.84585 0.763619
5.85586 0.762103
5.86587 0.760576
5.87588 0.759041
5.88589 0.757496
5.8959 0.755942
5.90591 0.754378
5.91592 0.752805
5.92593 0.751222
5.93594 0.74963
5.94595 0.748028
5.95596 0.746416
5.96597 0.744794
5.97598 0.743162
5.98599 0.741521
5.996 0.739869
6.00601 0.738208
6.01602 0.736536
6.02603 0.734855
6.03604 0.733163
6.04605 0.731461
6.05606 0.729749
6.06607 0.728026
6.07608 0.726293
6.08609 0.724549
6.0961 0.722795
6.10611 0.721031
6.11612 0.719256
6.12613 0.71747
6.13614 0.715673
6.14615 0.713866
6.15616 0.712048
6.16617 0.710219
6.17618 0.708379
6.18619 0.706528
6.1962 0.704666
6.20621 0.702793
6.21622 0.700908
6.22623 0.699013
6.23624 0.697106
6.24625 0.695188
6.25626 0.693258
6.26627 0.691317
6.27628 0.689365
6.28629 0.687401
6.2963 0.685425
6.30631 0.683437
6.31632 0.681438
6.32633 0.679427
6.33634 0.677404
6.34635 0.67537
6.35636 0.673323
6.36637 0.671264
6.37638 0.669193
6.38639 0.66711
6.3964 0.665015
6.40641 0.662907
6.41642 0.660787
6.42643 0.658655
6.43644 0.65651
6.44645 0.654353
6.45646 0.652183
6.46647 0.650001
6.47648 0.647806
6.48649 0.645598
6.4965 0.643377
6.50651 0.641143
6.51652 0.638897
6.52653 0.636637
6.53654 0.634365
6.54655 0.632079
6.55656 0.62978
6.56657 0.627468
6.57658 0.625143
6.58659 0.622804
6.5966 0.620451
6.60661 0.618086
6.61662 0.615707
6.62663 0.613314
6.63664 0.610907
6.64665 0.608487
6.65666 0.606053
6.66667 0.603605
6.67668 0.601143
6.68669 0.598667
6.6967 0.596177
6.70671 0.593674
6.71672 0.591155
6.72673 0.588623
6.73674 0.586077
6.74675 0.583516
6.75676 0.58094
6.76677 0.578351
6.77678 0.575746
6.78679 0.573127
6.7968 0.570494
6.80681 0.567845
6.81682 0.565182
6.82683 0.562505
6.83684 0.559812
6.84685 0.557104
6.85686 0.554381
6.86687 0.551643
6.87688 0.548891
6.88689 0.546122
6.8969 0.543339
6.90691 0.54054
6.91692 0.537726
6.92693 0.534897
6.93694 0.532052
6.94695 0.529191
6.95696 0.526315
6.96697 0.523423
6.97698 0.520515
6.98699 0.517592
6.997 0.514652
7.00701 0.511697
7.01702 0.508726
7.02703 0.505739
7.03704 0.502736
7.04705 0.499716
7.05706 0.49668
7.06707 0.493628
7.07708 0.49056
7.08709 0.487476
7.0971 0.484375
7.10711 0.481257
7.11712 0.478123
7.12713 0.474972
7.13714 0.471805
7.14715 0.468621
7.15716 0.46542
7.16717 0.462202
7.17718 0.458968
7.18719 0.455716
7.1972 0.452448
7.20721 0.449162
7.21722 0.445859
7.22723 0.44254
7.23724 0.439203
7.24725 0.435848
7.25726 0.432477
7.26727 0.429088
7.27728 0.425682
7.28729 0.422258
7.2973 0.418817
7.30731 0.415358
7.31732 0.411881
7.32733 0.408387
7.33734 0.404875
7.34735 0.401346
7.35736 0.397799
7.36737 0.394233
7.37738 0.39065
7.38739 0.387049
7.3974 0.38343
7.40741 0.379793
7.41742 0.376138
7.42743 0.372465
7.43744 0.368774
7.44745 0.365064
7.45746 0.361336
7.46747 0.35759
7.47748 0.353826
7.48749 0.350043
7.4975 0.346242
7.50751 0.342423
7.51752 0.338585
7.52753 0.334728
7.53754 0.330853
7.54755 0.32696
7.55756 0.323048
7.56757 0.319117
7.57758 0.315167
7.58759 0.311199
7.5976 0.307212
7.60761 0.303207
7.61762 0.299182
7.62763 0.295139
7.63764 0.291077
7.64765 0.286996
7.65766 0.282897
7.66767 0.278778
7.67768 0.27464
7.68769 0.270484
7.6977 0.266308
7.70771 0.262114
7.71772 0.2579
7.72773 0.253668
7.73774 0.249416
7.74775 0.245146
7.75776 0.240856
7.76777 0.236547
7.77778 0.232219
7.78779 0.227872
7.7978 0.223506
7.80781 0.219121
7.81782 0.214717
7.82783 0.210294
7.83784 0.205851
7.84785 0.20139
7.85786 0.196909
7.86787 0.192409
7.87788 0.187891
7.88789 0.183353
7.8979 0.178795
7.90791 0.174219
7.91792 0.169624
7.92793 0.16501
7.93794 0.160376
7.94795 0.155724
7.95796 0.151053
7.96797 0.146362
7.97798 0.141653
7.98799 0.136924
7.998 0.132177
8.00801 0.127411
8.01802 0.122625
8.02803 0.117821
8.03804 0.112999
8.04805 0.108157
8.05806 0.103297
8.06807 0.0984175
8.07808 0.0935197
8.08809 0.0886033
8.0981 0.0836683
8.10811 0.0787147
8.11812 0.0737425
8.12813 0.068752
8.13814 0.063743
8.14815 0.0587156
8.15816 0.05367
8.16817 0.0486061
8.17818 0.0435241
8.18819 0.0384239
8.1982 0.0333057
8.20821 0.0281695
8.21822 0.0230153
8.22823 0.0178434
8.23824 0.0126536
8.24825 0.0074462
8.25826 0.00222117
8.26827 -0.00302138
8.27828 -0.00828137
8.28829 -0.0135587
8.2983 -0.0188533
8.30831 -0.0241651
8.31832 -0.0294939
8.32833 -0.0348397
8.33834 -0.0402024
8.34835 -0.0455818
8.35836 -0.0509779
8.36837 -0.0563905
8.37838 -0.0618195
8.38839 -0.0672649
8.3984 -0.0727264
8.40841 -0.078204
8.41842 -0.0836975
8.42843 -0.0892069
8.43844 -0.0947319
8.44845 -0.100272
8.45846 -0.105828
8.46847 -0.1114
8.47848 -0.116986
8.48849 -0.122587
8.4985 -0.128203
8.50851 -0.133834
8.51852 -0.139479
8.52853 -0.145138
8.53854 -0.150812
8.54855 -0.1565
8.55856 -0.162201
8.56857 -0.167916
8.57858 -0.173645
8.58859 -0.179386
8.5986 -0.185141
8.60861 -0.190909
8.61862 -0.196689
8.62863 -0.202482
8.63864 -0.208287
8.64865 -0.214104
8.65866 -0.219932
8.66867 -0.225773
8.67868 -0.231625
8.68869 -0.237488
8.6987 -0.243362
8.70871 -0.249246
8.71872 -0.255141
8.72873 -0.261046
8.73874 -0.266961
8.74875 -0.272886
8.75876 -0.27882
8.76877 -0.284764
8.77878 -0.290716
8.78879 -0.296677
8.7988 -0.302646
8.80881 -0.308623
8.81882 -0.314608
8.82883 -0.3206
8.83884 -0.3266
8.84885 -0.332606
8.85886 -0.338619
8.86887 -0.344639
8.87888 -0.350664
8.88889 -0.356694
8.8989 -0.36273
8.90891 -0.368771
8.91892 -0.374817
8.92893 -0.380866
8.93894 -0.38692
8.94895 -0.392977
8.95896 -0.399037
8.96897 -0.4051
8.97898 -0.411166
8.98899 -0.417233
8.999 -0.423302
9.00901 -0.429373
9.01902 -0.435444
9.02903 -0.441516
9.03904 -0.447587
9.04905 -0.453659
9.05906 -0.459729
9.06907 -0.465799
9.07908 -0.471866
9.08909 -0.477932
9.0991 -0.483995
9.10911 -0.490055
9.11912 -0.496111
9.12913 -0.502164
9.13914 -0.508212
9.14915 -0.514255
9.15916 -0.520293
9.16917 -0.526326
9.17918 -0.532351
9.18919 -0.53837
9.1992 -0.544382
9.20921 -0.550386
9.21922 -0.556381
9.22923 -0.562367
9.23924 -0.568344
9.24925 -0.574311
9.25926 -0.580268
9.26927 -0.586213
9.27928 -0.592146
9.28929 -0.598068
9.2993 -0.603976
9.30931 -0.609871
9.31932 -0.615752
9.32933 -0.621618
9.33934 -0.627469
9.34935 -0.633305
9.35936 -0.639123
9.36937 -0.644925
9.37938 -0.650709
9.38939 -0.656475
9.3994 -0.662221
9.40941 -0.667948
9.41942 -0.673655
9.42943 -0.679341
9.43944 -0.685004
9.44945 -0.690646
9.45946 -0.696264
9.46947 -0.701859
9.47948 -0.707429
9.48949 -0.712974
9.4995 -0.718493
9.50951 -0.723986
9.51952 -0.729451
9.52953 -0.734888
9.53954 -0.740296
9.54955 -0.745674
9.55956 -0.751022
9.56957 -0.756339
9.57958 -0.761623
9.58959 -0.766875
9.5996 -0.772094
9.60961 -0.777278
9.61962 -0.782427
9.62963 -0.78754
9.63964 -0.792616
9.64965 -0.797654
9.65966 -0.802654
9.66967 -0.807615
9.67968 -0.812535
9.68969 -0.817414
9.6997 -0.822252
9.70971 -0.827046
9.71972 -0.831797
9.72973 -0.836503
9.73974 -0.841164
9.74975 -0.845778
9.75976 -0.850346
9.76977 -0.854864
9.77978 -0.859334
9.78979 -0.863754
9.7998 -0.868122
9.80981 -0.872439
9.81982 -0.876703
9.82983 -0.880913
9.83984 -0.885068
9.84985 -0.889167
9.85986 -0.893209
9.86987 -0.897194
9.87988 -0.90112
9.88989 -0.904986
9.8999 -0.908791
9.90991 -0.912534
9.91992 -0.916215
9.92993 -0.919832
9.93994 -0.923384
9.94995 -0.92687
9.95996 -0.93029
9.96997 -0.933641
9.97998 -0.936923
9.98999 -0.940136
10 -0.943277


0 0.995004
0.01001 0.99472
0.02002 0.994438
0.03003 0.99416
0.04004 0.993884
0.0500501 0.993612
0.0600601 0.993342
0.0700701 0.993076
0.0800801 0.992812
0.0900901 0.992551
0.1001 0.992293
0.11011 0.992037
0.12012 0.991785
0.13013 0.991535
0.14014 0.991288
0.15015 0.991044
0.16016 0.990803
0.17017 0.990564
0.18018 0.990329
0.19019 0.990095
0.2002 0.989865
0.21021 0.989637
0.22022 0.989412
0.23023 0.98919
0.24024 0.98897
0.25025 0.988753
0.26026 0.988538
0.27027 0.988326
0.28028 0.988116
0.29029 0.987909
0.3003 0.987705
0.31031 0.987503
0.32032 0.987304
0.33033 0.987107
0.34034 0.986912
0.35035 0.98672
0.36036 0.986531
0.37037 0.986344
0.38038 0.986159
0.39039 0.985977
0.4004 0.985797
0.41041 0.985619
0.42042 0.985444
0.43043 0.985271
0.44044 0.9851
0.45045 0.984931
0.46046 0.984765
0.47047 0.984601
0.48048 0.98444
0.49049 0.98428
0.500501 0.984123
0.510511 0.983968
0.520521 0.983815
0.530531 0.983664
0.540541 0.983516
0.550551 0.983369
0.560561 0.983225
0.570571 0.983082
0.580581 0.982942
0.590591 0.982804
0.600601 0.982668
0.610611 0.982534
0.620621 0.982401
0.630631 0.982271
0.640641 0.982143
0.650651 0.982017
0.660661 0.981892
0.670671 0.98177
0.680681 0.98165
0.690691 0.981531
0.700701 0.981414
0.710711 0.981299
0.720721 0.981186
0.730731 0.981075
0.740741 0.980965
0.750751 0.980858
0.760761 0.980752
0.770771 0.980648
0.780781 0.980545
0.790791 0.980445
0.800801 0.980346
0.810811 0.980248
0.820821 0.980153
0.830831 0.980058
0.840841 0.979966
0.850851 0.979875
0.860861 0.979786
0.870871 0.979698
0.880881 0.979612
0.890891 0.979528
0.900901 0.979445
0.910911 0.979363
0.920921 0.979283
0.930931 0.979205
0.940941 0.979128
0.950951 0.979052
0.960961 0.978978
0.970971 0.978905
0.980981 0.978834
0.990991 0.978764
1.001 0.978695
1.01101 0.978628
1.02102 0.978562
1.03103 0.978497
1.04104 0.978434
1.05105 0.978372
1.06106 0.978311
1.07107 0.978251
1.08108 0.978193
1.09109 0.978135
1.1011 0.978079
1.11111 0.978024
1.12112 0.977971
1.13113 0.977918
1.14114 0.977867
1.15115 0.977816
1.16116 0.977767
1.17117 0.977719
1.18118 0.977671
1.19119 0.977625
1.2012 0.97758
1.21121 0.977536
1.22122 0.977493
1.23123 0.97745
1.24124 0.977409
1.25125 0.977369
1.26126 0.977329
1.27127 0.977291
1.28128 0.977253
1.29129 0.977216
1.3013 0.97718
1.31131 0.977145
1.32132 0.97711
1.33133 0.977077
1.34134 0.977044
1.35135 0.977012
1.36136 0.97698
1.37137 0.976949
1.38138 0.976919
1.39139 0.97689
1.4014 0.976861
1.41141 0.976833
1.42142 0.976806
1.43143 0.976779
1.44144 0.976753
1.45145 0.976727
1.46146 0.976702
1.47147 0.976678
1.48148 0.976654
1.49149 0.97663
1.5015 0.976607
1.51151 0.976584
1.52152 0.976562
1.53153 0.97654
1.54154 0.976519
1.55155 0.976498
1.56156 0.976478
1.57157 0.976457
1.58158 0.976438
1.59159 0.976418
1.6016 0.976399
1.61161 0.97638
1.62162 0.976361
1.63163 0.976343
1.64164 0.976325
1.65165 0.976307
1.66166 0.976289
1.67167 0.976271
1.68168 0.976254
1.69169 0.976236
1.7017 0.976219
1.71171 0.976202
1.72172 0.976185
1.73173 0.976168
1.74174 0.976151
1.75175 0.976135
1.76176 0.976118
1.77177 0.976101
1.78178 0.976084
1.79179 0.976067
1.8018 0.97605
1.81181 0.976033
1.82182 0.976016
1.83183 0.975999
1.84184 0.975981
1.85185 0.975964
1.86186 0.975946
1.87187 0.975928
1.88188 0.97591
1.89189 0.975892
1.9019 0.975873
1.91191 0.975855
1.92192 0.975836
1.93193 0.975816
1.94194 0.975797
1.95195 0.975777
1.96196 0.975756
1.97197 0.975736
1.98198 0.975714
1.99199 0.975693
2.002 0.975671
2.01201 0.975649
2.02202 0.975626
2.03203 0.975603
2.04204 0.975579
2.05205 0.975554
2.06206 0.97553
2.07207 0.975504
2.08208 0.975478
2.09209 0.975452
2.1021 0.975425
2.11211 0.975397
2.12212 0.975368
2.13213 0.975339
2.14214 0.975309
2.15215 0.975279
2.16216 0.975248
2.17217 0.975216
2.18218 0.975183
2.19219 0.97515
2.2022 0.975116
2.21221 0.97508
2.22222 0.975045
2.23223 0.975008
2.24224 0.97497
2.25225 0.974932
2.26226 0.974892
2.27227 0.974852
2.28228 0.974811
2.29229 0.974769
2.3023 0.974725
2.31231 0.974681
2.32232 0.974636
2.33233 0.97459
2.34234 0.974543
2.35235 0.974494
2.36236 0.974445
2.37237 0.974394
2.38238 0.974342
2.39239 0.97429
2.4024 0.974236
2.41241 0.97418
2.42242 0.974124
2.43243 0.974066
2.44244 0.974008
2.45245 0.973947
2.46246 0.973886
2.47247 0.973823
2.48248 0.973759
2.49249 0.973694
2.5025 0.973627
2.51251 0.973559
2.52252 0.97349
2.53253 0.973419
2.54254 0.973347
2.55255 0.973273
2.56256 0.973198
2.57257 0.973121
2.58258 0.973043
2.59259 0.972963
2.6026 0.972882
2.61261 0.972799
2.62262 0.972714
2.63263 0.972628
2.64264 0.972541
2.65265 0.972451
2.66266 0.97236
2.67267 0.972268
2.68268 0.972173
2.69269 0.972077
2.7027 0.971979
2.71271 0.97188
2.72272 0.971779
2.73273 0.971675
2.74274 0.971571
2.75275 0.971464
2.76276 0.971355
2.77277 0.971245
2.78278 0.971132
2.79279 0.971018
2.8028 0.970902
2.81281 0.970784
2.82282 0.970663
2.83283 0.970541
2.84284 0.970417
2.85285 0.970291
2.86286 0.970163
2.87287 0.970033
2.88288 0.9699
2.89289 0.969766
2.9029 0.969629
2.91291 0.969491
2.92292 0.96935
2.93293 0.969207
2.94294 0.969061
2.95295 0.968914
2.96296 0.968764
2.97297 0.968612
2.98298 0.968458
2.99299 0.968301
3.003 0.968143
3.01301 0.967981
3.02302 0.967818
3.03303 0.967652
3.04304 0.967484
3.05305 0.967313
3.06306 0.96714
3.07307 0.966964
3.08308 0.966786
3.09309 0.966605
3.1031 0.966422
3.11311 0.966237
3.12312 0.966048
3.13313 0.965858
3.14314 0.965664
3.15315 0.965468
3.16316 0.96527
3.17317 0.965068
3.18318 0.964864
3.19319 0.964658
3.2032 0.964449
3.21321 0.964237
3.22322 0.964022
3.23323 0.963804
3.24324 0.963584
3.25325 0.963361
3.26326 0.963135
3.27327 0.962906
3.28328 0.962674
3.29329 0.962439
3.3033 0.962202
3.31331 0.961962
3.32332 0.961718
3.33333 0.961472
3.34334 0.961222
3.35335 0.96097
3.36336 0.960715
3.37337 0.960456
3.38338 0.960195
3.39339 0.95993
3.4034 0.959663
3.41341 0.959392
3.42342 0.959118
3.43343 0.958841
3.44344 0.95856
3.45345 0.958277
3.46346 0.95799
3.47347 0.9577
3.48348 0.957407
3.49349 0.95711
3.5035 0.95681
3.51351 0.956507
3.52352 0.956201
3.53353 0.955891
3.54354 0.955577
3.55355 0.955261
3.56356 0.954941
3.57357 0.954617
3.58358 0.95429
3.59359 0.953959
3.6036 0.953625
3.61361 0.953288
3.62362 0.952947
3.63363 0.952602
3.64364 0.952254
3.65365 0.951902
3.66366 0.951546
3.67367 0.951187
3.68368 0.950824
3.69369 0.950457
3.7037 0.950087
3.71371 0.949713
3.72372 0.949335
3.73373 0.948954
3.74374 0.948569
3.75375 0.948179
3.76376 0.947786
3.77377 0.94739
3.78378 0.946989
3.79379 0.946584
3.8038 0.946176
3.81381 0.945763
3.82382 0.945347
3.83383 0.944927
3.84384 0.944502
3.85385 0.944074
3.86386 0.943641
3.87387 0.943205
3.88388 0.942764
3.89389 0.942319
3.9039 0.941871
3.91391 0.941418
3.92392 0.940961
3.93393 0.940499
3.94394 0.940034
3.95395 0.939564
3.96396 0.93909
3.97397 0.938612
3.98398 0.938129
3.99399 0.937642
4.004 0.937151
4.01401 0.936656
4.02402 0.936156
4.03403 0.935652
4.04404 0.935143
4.05405 0.93463
4.06406 0.934112
4.07407 0.93359
4.08408 0.933064
4.09409 0.932532
4.1041 0.931997
4.11411 0.931457
4.12412 0.930912
4.13413 0.930363
4.14414 0.929809
4.15415 0.92925
4.16416 0.928687
4.17417 0.928119
4.18418 0.927546
4.19419 0.926969
4.2042 0.926387
4.21421 0.9258
4.22422 0.925208
4.23423 0.924612
4.24424 0.92401
4.25425 0.923404
4.26426 0.922793
4.27427 0.922177
4.28428 0.921557
4.29429 0.920931
4.3043 0.9203
4.31431 0.919664
4.32432 0.919024
4.33433 0.918378
4.34434 0.917727
4.35435 0.917071
4.36436 0.916411
4.37437 0.915745
4.38438 0.915073
4.39439 0.914397
4.4044 0.913716
4.41441 0.913029
4.42442 0.912337
4.43443 0.91164
4.44444 0.910938
4.45445 0.91023
4.46446 0.909518
4.47447 0.908799
4.48448 0.908076
4.49449 0.907347
4.5045 0.906613
4.51451 0.905873
4.52452 0.905128
4.53453 0.904378
4.54454 0.903622
4.55455 0.90286
4.56456 0.902093
4.57457 0.901321
4.58458 0.900543
4.59459 0.899759
4.6046 0.89897
4.61461 0.898175
4.62462 0.897375
4.63463 0.896568
4.64464 0.895757
4.65465 0.894939
4.66466 0.894116
4.67467 0.893287
4.68468 0.892452
4.69469 0.891612
4.7047 0.890766
4.71471 0.889913
4.72472 0.889055
4.73473 0.888192
4.74474 0.887322
4.75475 0.886446
4.76476 0.885565
4.77477 0.884677
4.78478 0.883784
4.79479 0.882884
4.8048 0.881978
4.81481 0.881067
4.82482 0.880149
4.83483 0.879225
4.84484 0.878296
4.85485 0.87736
4.86486 0.876417
4.87487 0.875469
4.88488 0.874515
4.89489 0.873554
4.9049 0.872587
4.91491 0.871614
4.92492 0.870634
4.93493 0.869648
4.94494 0.868656
4.95495 0.867658
4.96496 0.866653
4.97497 0.865642
4.98498 0.864624
4.99499 0.8636
5.00501 0.862569
5.01502 0.861532
5.02503 0.860489
5.03504 0.859439
5.04505 0.858382
5.05506 0.857319
5.06507 0.856249
5.07508 0.855173
5.08509 0.85409
5.0951 0.853
5.10511 0.851904
5.11512 0.850801
5.12513 0.849691
5.13514 0.848575
5.14515 0.847451
5.15516 0.846321
5.16517 0.845185
5.17518 0.844041
5.18519 0.84289
5.1952 0.841733
5.20521 0.840569
5.21522 0.839397
5.22523 0.838219
5.23524 0.837034
5.24525 0.835842
5.25526 0.834643
5.26527 0.833437
5.27528 0.832224
5.28529 0.831003
5.2953 0.829776
5.30531 0.828541
5.31532 0.8273
5.32533 0.826051
5.33534 0.824795
5.34535 0.823532
5.35536 0.822261
5.36537 0.820984
5.37538 0.819699
5.38539 0.818407
5.3954 0.817107
5.40541 0.8158
5.41542 0.814486
5.42543 0.813164
5.43544 0.811835
5.44545 0.810499
5.45546 0.809155
5.46547 0.807803
5.47548 0.806444
5.48549 0.805078
5.4955 0.803704
5.50551 0.802322
5.51552 0.800933
5.52553 0.799537
5.53554 0.798132
5.54555 0.79672
5.55556 0.7953
5.56557 0.793873
5.57558 0.792438
5.58559 0.790995
5.5956 0.789544
5.60561 0.788086
5.61562 0.78662
5.62563 0.785146
5.63564 0.783664
5.64565 0.782174
5.65566 0.780676
5.66567 0.77917
5.67568 0.777657
5.68569 0.776135
5.6957 0.774606
5.70571 0.773068
5.71572 0.771523
5.72573 0.769969
5.73574 0.768407
5.74575 0.766837
5.75576 0.765259
5.76577 0.763673
5.77578 0.762079
5.78579 0.760476
5.7958 0.758865
5.80581 0.757246
5.81582 0.755619
5.82583 0.753984
5.83584 0.75234
5.84585 0.750688
5.85586 0.749027
5.86587 0.747358
5.87588 0.745681
5.88589 0.743995
5.8959 0.742301
5.90591 0.740598
5.91592 0.738887
5.92593 0.737167
5.93594 0.735439
5.94595 0.733702
5.95596 0.731957
5.96597 0.730203
5.97598 0.72844
5.98599 0.726669
5.996 0.724889
6.00601 0.7231
6.01602 0.721303
6.02603 0.719496
6.03604 0.717681
6.04605 0.715858
6.05606 0.714025
6.06607 0.712184
6.07608 0.710334
6.08609 0.708474
6.0961 0.706606
6.10611 0.704729
6.11612 0.702843
6.12613 0.700949
6.13614 0.699045
6.14615 0.697132
6.15616 0.69521
6.16617 0.693279
6.17618 0.691338
6.18619 0.689389
6.1962 0.687431
6.20621 0.685463
6.21622 0.683486
6.22623 0.6815
6.23624 0.679505
6.24625 0.677501
6.25626 0.675487
6.26627 0.673464
6.27628 0.671431
6.28629 0.66939
6.2963 0.667338
6.30631 0.665278
6.31632 0.663208
6.32633 0.661129
6.33634 0.65904
6.34635 0.656941
6.35636 0.654833
6.36637 0.652716
6.37638 0.650589
6.38639 0.648453
6.3964 0.646306
6.40641 0.644151
6.41642 0.641985
6.42643 0.63981
6.43644 0.637625
6.44645 0.63543
6.45646 0.633226
6.46647 0.631012
6.47648 0.628788
6.48649 0.626554
6.4965 0.624311
6.50651 0.622057
6.51652 0.619794
6.52653 0.617521
6.53654 0.615238
6.54655 0.612944
6.55656 0.610641
6.56657 0.608328
6.57658 0.606005
6.58659 0.603672
6.5966 0.601328
6.60661 0.598975
6.61662 0.596611
6.62663 0.594238
6.63664 0.591854
6.64665 0.58946
6.65666 0.587055
6.66667 0.584641
6.67668 0.582216
6.68669 0.579781
6.6967 0.577335
6.70671 0.57488
6.71672 0.572413
6.72673 0.569937
6.73674 0.56745
6.74675 0.564952
6.75676 0.562445
6.76677 0.559926
6.77678 0.557397
6.78679 0.554858
6.7968 0.552308
6.80681 0.549747
6.81682 0.547176
6.82683 0.544594
6.83684 0.542002
6.84685 0.539399
6.85686 0.536785
6.86687 0.53416
6.87688 0.531525
6.88689 0.528879
6.8969 0.526222
6.90691 0.523554
6.91692 0.520876
6.92693 0.518186
6.93694 0.515486
6.94695 0.512775
6.95696 0.510053
6.96697 0.507319
6.97698 0.504575
6.98699 0.50182
6.997 0.499054
7.00701 0.496277
7.01702 0.493488
7.02703 0.490689
7.03704 0.487878
7.04705 0.485056
7.05706 0.482223
7.06707 0.479379
7.07708 0.476524
7.08709 0.473657
7.0971 0.470779
7.10711 0.46789
7.11712 0.464989
7.12713 0.462077
7.13714 0.459154
7.14715 0.456219
7.15716 0.453273
7.16717 0.450316
7.17718 0.447347
7.18719 0.444366
7.1972 0.441374
7.20721 0.43837
7.21722 0.435355
7.22723 0.432328
7.23724 0.42929
7.24725 0.426239
7.25726 0.423178
7.26727 0.420104
7.27728 0.417019
7.28729 0.413922
7.2973 0.410813
7.30731 0.407693
7.31732 0.40456
7.32733 0.401416
7.33734 0.39826
7.34735 0.395092
7.35736 0.391912
7.36737 0.38872
7.37738 0.385517
7.38739 0.382301
7.3974 0.379073
7.40741 0.375833
7.41742 0.372581
7.42743 0.369317
7.43744 0.366041
7.44745 0.362753
7.45746 0.359452
7.46747 0.35614
7.47748 0.352815
7.48749 0.349478
7.4975 0.346128
7.50751 0.342767
7.51752 0.339393
7.52753 0.336007
7.53754 0.332608
7.54755 0.329197
7.55756 0.325773
7.56757 0.322338
7.57758 0.318889
7.58759 0.315428
7.5976 0.311955
7.60761 0.308469
7.61762 0.304971
7.62763 0.301459
7.63764 0.297936
7.64765 0.2944
7.65766 0.290851
7.66767 0.287289
7.67768 0.283714
7.68769 0.280127
7.6977 0.276528
7.70771 0.272915
7.71772 0.269289
7.72773 0.265651
7.73774 0.262
7.74775 0.258336
7.75776 0.254659
7.76777 0.250969
7.77778 0.247266
7.78779 0.24355
7.7978 0.239821
7.80781 0.236079
7.81782 0.232324
7.82783 0.228556
7.83784 0.224775
7.84785 0.220981
7.85786 0.217173
7.86787 0.213353
7.87788 0.209519
7.88789 0.205671
7.8979 0.201811
7.90791 0.197937
7.91792 0.19405
7.92793 0.19015
7.93794 0.186236
7.94795 0.182309
7.95796 0.178369
7.96797 0.174415
7.97798 0.170447
7.98799 0.166466
7.998 0.162472
8.00801 0.158464
8.01802 0.154442
8.02803 0.150407
8.03804 0.146358
8.04805 0.142296
8.05806 0.13822
8.06807 0.13413
8.07808 0.130026
8.08809 0.125909
8.0981 0.121778
8.10811 0.117633
8.11812 0.113475
8.12813 0.109302
8.13814 0.105116
8.14815 0.100915
8.15816 0.0967011
8.16817 0.0924729
8.17818 0.0882308
8.18819 0.0839746
8.1982 0.0797044
8.20821 0.0754202
8.21822 0.0711219
8.22823 0.0668095
8.23824 0.0624829
8.24825 0.0581422
8.25826 0.0537873
8.26827 0.0494182
8.27828 0.0450349
8.28829 0.0406373
8.2983 0.0362254
8.30831 0.0317992
8.31832 0.0273587
8.32833 0.0229038
8.33834 0.0184345
8.34835 0.0139508
8.35836 0.0094527
8.36837 0.0049401
8.37838 0.000413014
8.38839 -0.00412859
8.3984 -0.00868474
8.40841 -0.0132555
8.41842 -0.0178408
8.42843 -0.0224407
8.43844 -0.0270553
8.44845 -0.0316845
8.45846 -0.0363285
8.46847 -0.0409872
8.47848 -0.0456606
8.48849 -0.0503488
8.4985 -0.0550518
8.50851 -0.0597696
8.51852 -0.0645023
8.52853 -0.0692498
8.53854 -0.0740123
8.54855 -0.0787897
8.55856 -0.0835821
8.56857 -0.0883894
8.57858 -0.0932118
8.58859 -0.0980492
8.5986 -0.102902
8.60861 -0.107769
8.61862 -0.112652
8.62863 -0.11755
8.63864 -0.122463
8.64865 -0.127391
8.65866 -0.132334
8.66867 -0.137293
8.67868 -0.142267
8.68869 -0.147256
8.6987 -0.15226
8.70871 -0.15728
8.71872 -0.162315
8.72873 -0.167366
8.73874 -0.172432
8.74875 -0.177514
8.75876 -0.182611
8.76877 -0.187723
8.77878 -0.192851
8.78879 -0.197995
8.7988 -0.203154
8.80881 -0.208329
8.81882 -0.213519
8.82883 -0.218725
8.83884 -0.223947
8.84885 -0.229184
8.85886 -0.234438
8.86887 -0.239707
8.87888 -0.244992
8.88889 -0.250292
8.8989 -0.255609
8.90891 -0.260941
8.91892 -0.266289
8.92893 -0.271653
8.93894 -0.277034
8.94895 -0.28243
8.95896 -0.287842
8.96897 -0.29327
8.97898 -0.298714
8.98899 -0.304175
8.999 -0.309651
9.00901 -0.315144
9.01902 -0.320652
9.02903 -0.326177
9.03904 -0.331718
9.04905 -0.337276
9.05906 -0.342849
9.06907 -0.348439
9.07908 -0.354046
9.08909 -0.359668
9.0991 -0.365307
9.10911 -0.370963
9.11912 -0.376635
9.12913 -0.382323
9.13914 -0.388028
9.14915 -0.393749
9.15916 -0.399487
9.16917 -0.405242
9.17918 -0.411013
9.18919 -0.4168
9.1992 -0.422605
9.20921 -0.428426
9.21922 -0.434263
9.22923 -0.440118
9.23924 -0.445989
9.24925 -0.451877
9.25926 -0.457781
9.26927 -0.463703
9.27928 -0.469642
9.28929 -0.475597
9.2993 -0.481569
9.30931 -0.487558
9.31932 -0.493564
9.32933 -0.499588
9.33934 -0.505628
9.34935 -0.511685
9.35936 -0.517759
9.36937 -0.523851
9.37938 -0.529959
9.38939 -0.536085
9.3994 -0.542228
9.40941 -0.548388
9.41942 -0.554565
9.42943 -0.56076
9.43944 -0.566972
9.44945 -0.573201
9.45946 -0.579448
9.46947 -0.585711
9.47948 -0.591993
9.48949 -0.598292
9.4995 -0.604608
9.50951 -0.610941
9.51952 -0.617293
9.52953 -0.623661
9.53954 -0.630048
9.54955 -0.636452
9.55956 -0.642873
9.56957 -0.649312
9.57958 -0.655769
9.58959 -0.662244
9.5996 -0.668736
9.60961 -0.675246
9.61962 -0.681774
9.62963 -0.688319
9.63964 -0.694883
9.64965 -0.701464
9.65966 -0.708063
9.66967 -0.714681
9.67968 -0.721316
9.68969 -0.727969
9.6997 -0.73464
9.70971 -0.741329
9.71972 -0.748036
9.72973 -0.754761
9.73974 -0.761504
9.74975 -0.768266
9.75976 -0.775045
9.76977 -0.781843
9.77978 -0.788659
9.78979 -0.795494
9.7998 -0.802346
9.80981 -0.809217
9.81982 -0.816106
9.82983 -0.823014
9.83984 -0.82994
9.84985 -0.836884
9.85986 -0.843847
9.86987 -0.850828
9.87988 -0.857828
9.88989 -0.864846
9.8999 -0.871883
9.90991 -0.878938
9.91992 -0.886012
9.92993 -0.893105
9.93994 -0.900216
9.94995 -0.907346
9.95996 -0.914495
9.96997 -0.921662
9.97998 -0.928848
9.98999 -0.936053
10 -0.943277
